1 50.93037611111111 5.3390080555555555
2 50.932491666666664 5.341743611111111
3 50.92615305555555 5.396802777777778
4 50.932316666666665 5.342266666666666
5 50.930432777777774 5.336588888888889
6 50.932116666666666 5.3424499999999995
7 50.92590277777778 5.394116666666667
8 50.929656666666666 5.3375772222222215
9 50.92865 5.337025
10 50.926383333333334 5.342063888888888
11 50.93478333333333 5.349769444444444
12 50.88538361111111 5.532324166666666
13 50.92874444444444 5.3952
14 50.93033666666666 5.3390875
15 50.928955555555554 5.3372111111111105
16 50.92574722222222 5.392552777777778
17 50.92692222222222 5.390275000000001
18 50.92552777777777 5.390586111111111
19 50.92554444444444 5.391225
20 50.93382222222222 5.337280555555555
21 50.931958333333334 5.338086111111111
22 50.92574444444444 5.389925000000001
23 50.92936666666667 5.338991666666667
24 50.93004444444444 5.36815
25 50.929969444444446 5.368905555555555
26 50.925441666666664 5.391238888888889
27 50.93210555555555 5.338061111111111
28 50.92924166666666 5.338961111111111
29 50.93086944444444 5.339905555555555
30 50.929091666666665 5.340227777777778
31 50.93122777777778 5.337886111111111
32 50.93036111111111 5.33765
33 50.93007861111111 5.368492222222222
34 50.930638055555555 5.3669525
35 50.93020361111111 5.339108611111111
36 50.92930083333333 5.339808611111111
37 50.932536666666664 5.342236111111111
38 50.92805333333333 5.3353399999999995
39 50.92939388888889 5.336469166666666
40 50.92932638888889 5.336673055555555
41 50.93306555555555 5.340269999999999
42 50.931193888888885 5.337830555555556
43 50.93248527777777 5.338407777777777
44 50.93342388888889 5.339065555555555
45 50.93360138888889 5.339159444444444
46 50.93472222222222 5.410833333333334
47 50.934999999999995 5.348055555555555
48 50.93611111111111 5.413333333333334
49 50.939722222222215 5.365833333333333
50 50.939722222222215 5.360277777777777
51 50.93222222222222 5.339166666666666
52 50.93194444444444 5.338333333333333
53 50.9325 5.337222222222222
54 50.9318975 5.3381
55 50.931907777777774 5.337456388888889
56 50.9393925 5.350051944444444
57 50.93335638888889 5.339856111111111
58 50.93328444444444 5.339858333333333
59 50.930433611111106 5.345948333333333
60 50.930619166666666 5.345975
61 50.93039638888889 5.344703333333333
62 50.93062638888889 5.343663055555555
63 50.925869444444444 5.389777777777778
64 50.925552777777774 5.390686111111112
65 50.92573888888889 5.392255555555556
66 50.92485555555555 5.3909166666666675
67 50.92607777777778 5.388155555555556
68 50.92658888888889 5.394752777777779
69 50.931330555555554 5.395697222222223
70 50.927734375 5.3845109939575195
71 50.928749084472656 5.394559860229492
72 50.92974853515625 5.39509916305542
73 50.928866666666664 5.395591666666667
74 50.928123474121094 5.397115230560303
75 50.928565979003906 5.39443302154541
76 50.93196105957031 5.395901203155518
77 50.933013916015625 5.395712852478027
78 50.9318733215332 5.394743919372559
79 51.119331 5.646468
80 51.1307109998989 5.8042679999999995
81 51.125385 5.799062999876953
82 50.928501 5.3401819999999995
83 51.125076 5.805013
84 51.137897 5.812379
85 50.966988 5.496282
86 50.929901 5.339441
87 50.929668 5.368994
88 51.143784 5.744943000103167
89 51.129555 5.79592099989981
90 51.094139000000006 5.791941
91 51.127617 5.804027
92 51.14668699986882 5.736092
93 51.214729000000005 4.423901
94 51.125267 5.801672
95 51.136757 5.812036
96 51.09911700014191 5.784377
